65.665634
65.466507
64.704376
64.414268
64.357727
65.486168
64.974815
65.847565
65.702515
64.942841
63.784916
64.347893
65.291946
66.553131
65.621384
66.004898
66.567886
66.737518
67.644707
68.802635
68.937851
68.773132
68.841965
68.699387
69.820442
69.886818
71.273392
71.246353
71.669212
72.192863
73.840042
73.122154
73.704819
73.358185
74.538239
76.121498
76.293579
77.923538
76.871323
76.541885
77.500694
78.358696
77.827667
78.105476
78.481621
78.255440
75.954315
78.103012
79.737900
79.622337
76.091995
75.883018
78.388199
79.027405
79.951775
78.865021
79.239594
78.761520
80.631927
80.057739
80.077461
78.611198
79.749702
78.931564
77.144943
73.480522
70.991577
72.117767
67.403557
67.364128
73.635773
71.297157
74.604240
72.184303
71.225685
65.592308
70.316368
67.874245
61.171341
68.500175
59.687832
62.312309
60.786911
60.321156
56.491634
55.291519
60.838661
60.503517
63.687393
61.050594
62.792850
62.664707
59.367474
60.358120
59.490692
64.680504
63.931355
65.567657
66.040802
67.337029
70.737755
70.092110
70.649040
69.690422
68.243881
66.134438
68.039352
67.775673
69.732323
69.781609
68.650490
70.905334
72.401154
71.235542
72.243446
73.327736
74.084282
74.850670
77.259674
78.475372
77.578537
76.641853
77.112686
76.656792
78.462914
78.009521
79.526665
78.933754
79.441963
78.903862
79.247643
79.282524
79.205299
80.179359
80.550545
80.993980
80.296448
82.583374
83.071640
85.694878
87.899590
83.679497
84.401947
85.445755
87.710258
87.588196
87.623077
87.122337
89.401787
91.310051
89.698242
90.889038
88.096405
90.126732
90.879066
90.707176
90.707176
93.133614
92.844635
95.006996
95.415558
95.582466
95.141525
96.715965
97.381111
96.182846
95.988533
98.011391
96.658661
96.930199
92.518288
92.289093
94.476364
92.924355
94.705559
95.851517
105.886086
108.554153
109.279099
109.675194
113.501678
110.921135
112.533356
109.186623
112.815369
114.811920
114.709602
114.410110
115.363472
115.508217
118.071297
124.155800
125.640739
124.610016
126.304596
124.794701
124.592552
128.817749
133.948898
131.173691
120.671806
120.751671
112.625694
117.117943
113.294540
111.807106
115.161316
115.341011
111.936882
110.149963
106.655991
109.890411
111.617432
106.935509
108.033615
112.086624
114.762009
113.893501
115.610542
116.588860
112.825348
116.299355
112.965111
114.881805
114.771988
116.768547
124.185753
120.891434
120.981277
120.502106
118.815010
115.780251
117.307617
116.668724
115.550644
114.841873
114.851852
116.399178
111.008476
115.121384
108.672516
108.582664
110.249794
114.752022
118.824997
118.690002
116.320000
115.970001
119.489998
119.209999
119.260002
120.300003