43.649914
43.959282
43.582237
43.350212
43.359879
43.939945
43.804592
43.736927
43.804592
43.214863
42.808815
42.431770
42.074070
42.383434
42.441444
42.634796
42.808815
44.152630
43.794926
44.452335
44.897049
45.090408
46.289211
45.873497
46.501900
46.192528
46.260204
46.182861
46.008842
46.366550
47.155396
46.386028
46.551586
46.249683
46.278904
46.084126
45.899090
46.717148
46.541851
46.756104
47.768940
47.739723
47.525467
47.788422
47.720245
47.574165
46.230209
46.522373
45.821175
46.006214
44.769386
45.314754
46.376289
47.184612
47.418346
46.717148
47.593643
47.846855
48.625957
46.084126
45.743267
45.373192
45.081028
45.626396
45.090763
42.850834
41.623745
41.058891
38.994259
38.887131
40.094746
38.994259
40.309002
38.536533
38.643665
36.968582
39.033215
36.082352
32.332905
36.656940
32.829582
34.572830
36.150520
36.725109
34.670216
33.696335
37.591869
36.686157
39.520157
37.806122
39.266945
38.283325
37.328922
39.128021
38.400517
40.730503
39.953842
41.035271
40.504387
40.524052
42.057709
40.818985
40.799320
41.762775
41.821762
39.865356
41.054928
40.917294
41.802101
42.332985
41.772610
42.608253
41.664463
40.229111
40.651852
40.759995
40.455231
40.671513
42.264164
42.588593
42.490284
41.241726
43.109642
43.522556
44.299217
43.856812
44.672794
43.886307
44.141918
44.082932
45.184017
44.830097
47.012615
45.518276
46.098320
46.147472
46.068825
47.022449
47.317383
47.238731
46.619370
42.932682
44.309048
44.584316
45.695240
45.390472
45.056213
44.554825
44.397526
44.702293
43.994450
44.456512
45.528111
45.370815
45.852539
45.282333
45.212971
45.995750
45.212971
45.391327
46.273193
46.233559
45.510231
45.837212
45.975937
45.361599
46.322735
46.540726
46.590267
46.471367
46.976704
45.975937
46.758713
45.857029
46.283100
46.015568
46.669533
46.728989
47.234325
46.897434
47.333412
46.996521
47.293777
46.758713
47.660397
42.329567
42.111576
41.705326
41.596329
41.487335
41.923317
41.863861
41.794502
41.576511
41.863861
41.903496
41.814320
41.834137
41.645870
42.032307
40.575745
40.446930
39.634426
39.763237
39.208355
39.515522
40.001041
40.228939
40.050587
40.001041
39.446163
38.683201
38.960640
37.930145
37.504074
38.098591
38.772377
38.703018
39.029999
38.799999
38.270000
38.570000
38.570000
39.400002
39.790001
39.849998
40.360001
39.810001
39.889999
39.970001
40.160000
39.299999
39.200001
39.060001
38.820000
38.820000
37.669998
36.869999
35.709999
35.689999
35.900002
35.900002
36.680000
36.570000
37.230000
37.529999
38.200001
38.720001
39.330002
38.669998
41.400002
42.540001