197.399994
199.320007
197.509995
197.929993
198.820007
199.789993
198.970001
202.000000
201.639999
199.699997
198.820007
198.710007
199.360001
201.050003
201.339996
200.869995
202.259995
196.750000
194.110001
197.919998
198.389999
202.500000
206.059998
206.300003
206.179993
205.119995
207.789993
208.100006
204.410004
205.250000
209.779999
208.669998
212.600006
213.059998
215.220001
218.300003
218.059998
221.910004
219.059998
221.149994
221.770004
222.139999
221.440002
221.320007
219.759995
217.940002
214.869995
217.789993
223.229996
209.529999
201.910004
204.190002
209.830002
210.110001
210.850006
212.330002
213.059998
207.190002
210.759995
213.139999
214.179993
217.800003
217.490005
214.580002
210.179993
200.720001
196.770004
197.199997
189.750000
192.470001
196.440002
185.889999
191.759995
185.169998
181.089996
169.500000
178.190002
170.240005
154.470001
170.279999
146.009995
149.419998
146.960007
153.130005
149.729996
148.100006
160.979996
156.210007
163.339996
156.789993
165.949997
166.800003
159.600006
158.190002
154.179993
165.550003
168.830002
174.279999
175.190002
174.789993
178.169998
176.970001
176.250000
179.240005
178.240005
170.800003
182.279999
185.130005
190.070007
187.500000
182.910004
194.190002
204.710007
202.270004
205.259995
207.070007
208.470001
211.259995
212.350006
213.179993
210.100006
205.100006
206.809998
210.880005
213.190002
216.880005
229.970001
231.389999
234.910004
232.199997
229.139999
225.460007
225.089996
231.910004
232.720001
230.160004
226.289993
230.770004
231.399994
238.669998
236.729996
224.429993
228.580002
232.500000
235.649994
235.529999
235.940002
238.789993
239.220001
242.240005
234.020004
235.679993
216.080002
220.639999
227.070007
237.550003
233.419998
240.279999
240.860001
243.580002
244.500000
245.070007
239.000000
239.729996
240.279999
240.929993
242.029999
245.419998
241.750000
239.869995
232.600006
230.710007
233.500000
230.119995
233.289993
234.500000
253.669998
251.960007
249.830002
249.119995
265.279999
268.440002
263.000000
256.130005
259.890015
261.299988
261.239990
261.160004
262.339996
262.589996
269.010010
267.010010
271.390015
280.820007
303.910004
293.220001
293.660004
293.200012
295.440002
302.500000
291.119995
282.730011
271.160004
273.720001
268.089996
266.609985
266.149994
272.420013
263.519989
254.820007
252.529999
248.149994
254.750000
249.020004
249.529999
254.820007
256.820007
261.790009
261.899994
266.630005
259.940002
264.649994
258.660004
258.119995
263.760010
264.450012
275.750000
276.140015
271.820007
266.720001
265.929993
261.399994
267.559998
278.730011
278.119995
284.790009
277.109985
283.290009
267.670013
280.829987
263.109985
261.359985
265.299988
287.380005
294.679993
293.410004
278.769989
272.429993
276.480011
275.079987
276.950012
278.959991