1319.839966
1312.589966
1301.859985
1300.140015
1293.670044
1305.640015
1313.000000
1312.130005
1304.089966
1288.859985
1294.739990
1318.939941
1326.959961
1339.390015
1342.989990
1342.890015
1344.250000
1348.489990
1346.869995
1360.699951
1354.890015
1351.910034
1356.439941
1351.219971
1350.630005
1344.430054
1362.469971
1354.640015
1339.709961
1339.390015
1368.680054
1361.520020
1397.810059
1395.109985
1405.040039
1419.790039
1428.959961
1440.030029
1430.589966
1439.199951
1450.160034
1479.520020
1482.250000
1483.869995
1484.689941
1466.170044
1431.729980
1450.500000
1456.699951
1454.250000
1432.780029
1482.599976
1445.410034
1446.050049
1475.969971
1479.109985
1508.660034
1510.060059
1518.630005
1513.390015
1518.729980
1519.439941
1524.869995
1516.989990
1483.459961
1419.859985
1386.319946
1390.469971
1314.949951
1339.250000
1386.319946
1337.719971
1381.599976
1314.760010
1295.739990
1215.790039
1275.170044
1210.900024
1111.550049
1214.270020
1073.000000
1118.060059
1091.189941
1111.670044
1068.209961
1054.130005
1130.010010
1101.619995
1162.920044
1110.260010
1146.310059
1161.949951
1102.099976
1117.030029
1092.699951
1183.189941
1182.560059
1207.000000
1206.569946
1210.410034
1265.229980
1257.300049
1257.430054
1279.000000
1261.150024
1212.160034
1258.410034
1271.170044
1276.599976
1270.859985
1232.589966
1342.180054
1346.699951
1317.319946
1322.900024
1349.020020
1345.430054
1369.280029
1384.339966
1403.589966
1375.180054
1348.329956
1356.859985
1373.060059
1385.180054
1374.400024
1409.160034
1406.750000
1413.239990
1421.369995
1420.280029
1418.239990
1433.520020
1434.869995
1442.310059
1439.250000
1414.300049
1440.020020
1448.040039
1452.079956
1464.699951
1401.900024
1412.920044
1420.739990
1446.469971
1452.540039
1434.119995
1424.640015
1450.660034
1463.979980
1432.699951
1441.099976
1362.540039
1397.170044
1418.050049
1442.000000
1469.930054
1499.650024
1489.920044
1503.599976
1518.660034
1539.010010
1512.229980
1520.859985
1516.880005
1514.920044
1516.849976
1563.839966
1555.920044
1564.849976
1516.750000
1508.209961
1529.430054
1503.650024
1523.510010
1538.369995
1487.949951
1482.760010
1473.300049
1479.089966
1504.949951
1498.369995
1496.819946
1480.540039
1507.239990
1516.650024
1504.630005
1516.239990
1555.780029
1544.609985
1576.250000
1575.569946
1585.150024
1605.849976
1644.130005
1628.520020
1639.430054
1629.530029
1655.079956
1717.390015
1629.510010
1581.209961
1523.599976
1547.229980
1526.050049
1515.760010
1508.829956
1535.119995
1512.089966
1487.040039
1451.089966
1430.140015
1459.819946
1409.390015
1422.859985
1439.060059
1458.660034
1466.020020
1465.599976
1487.900024
1455.599976
1482.829956
1451.020020
1459.140015
1483.430054
1510.449951
1564.589966
1567.069946
1563.439941
1555.469971
1567.699951
1529.949951
1551.079956
1585.989990
1606.660034
1632.979980
1584.290039
1598.880005
1510.800049
1556.880005
1616.109985
1624.319946
1645.660034
1745.849976
1762.500000
1759.729980
1761.420044
1737.719971
1747.229980
1742.819946
1772.260010
1774.030029