126.042778
126.004166
125.087479
125.376953
126.206825
126.882294
127.055969
127.432304
127.142815
126.862984
125.232208
127.702499
128.397278
130.307892
129.699966
129.786819
129.478012
133.183472
132.015869
132.527283
133.337845
133.202759
132.536957
132.430801
132.392197
132.758896
134.167709
134.264221
133.772079
134.515091
136.145889
134.349243
134.242432
131.960220
132.989639
133.475220
132.144745
133.242126
134.795990
132.775986
133.290680
134.213287
132.892532
132.737137
132.601166
129.308960
128.221283
130.552032
130.357803
131.969925
128.541748
129.522629
131.387222
133.620880
133.640305
133.212997
133.766571
134.019058
134.019058
133.902527
133.494644
131.727142
133.523788
133.523788
131.892227
128.347519
122.617737
122.986755
117.868790
112.760529
118.014458
113.586006
116.392639
110.682266
104.962173
90.744499
97.795067
93.191795
85.509987
100.912468
85.811035
91.055267
81.469994
82.839317
81.091248
76.750183
85.879028
89.083832
95.289497
88.501137
90.802773
87.432869
81.926430
84.985565
82.473579
87.782112
88.939980
92.531334
100.832657
96.348373
93.708824
89.087166
85.692062
93.394829
89.989906
87.379807
87.664352
87.713425
89.008659
92.845337
93.502762
96.024559
93.963951
91.501022
90.411842
90.274475
88.576920
89.499290
90.961334
88.282547
85.397682
82.453949
85.878494
84.288887
88.753540
87.006927
89.617035
88.478790
87.791924
94.022820
99.468727
97.987053
95.484879
96.750679
97.074493
102.314339
104.443634
109.143799
111.322159
108.466743
104.070755
95.386749
97.996864
99.350983
100.145790
97.614182
97.084312
95.975494
94.935379
96.093254
92.884583
96.122688
90.853401
91.255714
92.295830
91.510834
91.808083
94.126572
91.471207
92.442200
90.440765
95.384888
96.752205
97.307053
98.813087
99.090508
97.257523
96.405426
98.496025
97.782646
98.069977
97.376411
96.009102
96.425240
98.763542
96.127991
95.751488
95.216454
94.671516
96.316246
96.345970
98.466293
99.714714
102.865479
101.993568
101.428810
101.468445
98.793266
97.416046
97.643936
96.474785
96.425240
99.140045
99.576004
98.178963
101.408989
101.825127
99.268852
99.219307
100.715431
100.398369
102.568230
99.001335
99.942604
98.912163
100.140762
101.527893
98.367218
98.783356
97.653839
97.445770
94.433716
93.403275
91.887344
91.808083
92.610634
95.275909
94.473351
95.384888
96.078461
96.989998
99.040001
98.019997
99.730003
101.779999
101.199997
102.440002
100.779999
100.220001
101.720001
101.510002
99.800003
100.370003
99.370003
102.879997
103.809998
101.239998
99.330002
96.540001
97.169998
98.040001
100.250000
103.410004
100.250000
104.349998
102.959999
116.900002
116.519997
114.779999
113.370003
114.080002
117.300003