148.647720
148.697144
148.439194
148.300293
148.409439
150.036499
150.830185
151.117905
150.185318
148.369766
148.131653
148.667389
148.746750
150.552383
150.165482
149.937302
150.502777
152.030640
153.310455
154.302551
153.469193
153.151733
154.481155
156.167740
156.167740
156.137955
157.417786
157.705505
156.346298
156.455429
159.352386
157.368179
157.774948
156.336395
158.826569
160.810776
160.066711
161.991394
160.850479
161.892197
164.858597
165.781265
165.185989
164.392303
165.404251
163.737518
160.999283
164.154221
166.713821
171.416428
168.886551
173.003815
178.698502
178.480240
182.180817
182.438751
187.210785
182.984406
183.252274
182.260178
183.887222
185.752396
186.309494
183.464310
177.664520
170.004425
167.199051
169.288147
157.360291
161.170441
171.894577
163.657486
169.666183
165.408371
160.732742
149.839462
160.086090
152.833878
138.339371
158.006912
134.718231
145.810471
139.672424
141.970474
136.638245
135.275345
147.571289
146.158630
155.301025
148.924225
159.399673
156.892731
151.321747
154.455414
153.032837
164.413544
162.642776
164.274277
164.284225
164.652313
172.799866
170.989304
176.122543
177.674484
174.152817
166.950348
172.620804
170.531677
173.645462
173.148056
168.930023
176.510529
178.281311
173.665375
177.913223
179.823273
181.594055
182.648575
183.722946
185.772293
181.564194
178.818512
179.594467
182.210846
183.951767
182.678406
185.212280
182.987656
183.067459
181.132156
181.371567
180.962555
182.808090
182.389114
184.464096
184.913010
182.478882
186.748566
187.905777
189.342300
196.365326
185.820816
187.287277
188.484375
193.103210
193.771591
195.846588
194.679398
200.086334
201.423096
197.362915
199.856873
195.856552
197.961472
203.019226
204.206360
205.762604
210.191895
207.747803
212.316772
213.803177
213.154739
206.570663
207.847580
207.538315
203.428253
202.390762
211.089737
208.246597
211.239365
202.051575
200.814575
203.358429
201.532837
203.567917
203.408295
204.515610
216.017807
212.775650
212.426498
215.828278
211.967606
207.747803
202.889557
208.685547
208.196716
208.396240
209.772919
210.979996
209.699997
214.580002
213.020004
213.690002
216.470001
221.149994
226.580002
228.910004
225.529999
227.270004
231.649994
217.300003
214.250000
202.660004
211.289993
205.369995
204.029999
205.410004
208.779999
205.050003
202.910004
200.389999
202.539993
207.419998
200.589996
203.190002
207.820007
209.440002
207.259995
210.330002
212.460007
206.190002
210.380005
205.910004
209.830002
210.580002
215.809998
221.399994
222.860001
220.860001
219.660004
219.660004
214.220001
214.649994
214.800003
214.889999
216.229996
210.080002
213.250000
202.679993
204.720001
202.470001
202.330002
206.429993
216.389999
223.289993
223.720001
218.389999
211.009995
216.550003
215.440002
216.509995
217.229996