78.190002
77.160004
77.639999
77.699997
78.589996
78.000000
78.449997
78.980003
78.550003
77.639999
78.010002
78.339996
76.940002
77.739998
75.870003
75.019997
74.620003
74.889999
75.470001
75.470001
75.489998
76.309998
77.220001
77.400002
76.959999
77.320000
77.400002
77.239998
78.080002
78.419998
78.589996
78.169998
78.620003
78.919998
79.419998
79.809998
79.000000
79.400002
79.800003
80.269997
81.440002
82.150002
82.029999
82.489998
82.180000
81.580002
80.720001
81.660004
80.260002
80.940002
79.190002
79.459999
81.510002
81.790001
82.769997
85.440002
84.529999
94.489998
95.669998
95.139999
96.480003
99.879997
100.489998
99.500000
98.570000
96.370003
94.580002
93.650002
91.239998
90.160004
93.290001
89.370003
93.809998
89.860001
87.860001
79.750000
84.980003
86.449997
76.760002
85.389999
76.529999
78.349998
74.320000
79.449997
74.550003
75.699997
78.650002
79.169998
84.629997
81.720001
83.120003
83.900002
85.129997
84.410004
81.980003
86.089996
86.510002
86.849998
85.900002
86.169998
89.620003
88.540001
90.269997
90.989998
89.940002
87.220001
90.160004
90.339996
90.800003
90.910004
87.940002
89.309998
87.800003
86.199997
88.959999
88.970001
86.589996
95.290001
98.519997
96.720001
94.610001
92.779999
94.910004
97.320000
101.900002
98.599998
98.139999
94.389999
95.800003
95.570000
97.199997
99.220001
100.040001
99.699997
100.410004
101.209999
100.169998
101.129997
104.459999
103.190002
105.790001
100.889999
102.309998
104.680000
102.889999
102.629997
106.389999
106.900002
106.599998
107.160004
108.430000
110.190002
105.199997
105.959999
104.150002
106.129997
106.010002
106.779999
105.800003
106.610001
106.169998
107.050003
104.519997
105.389999
104.919998
104.489998
105.349998
106.139999
105.580002
104.930000
104.510002
104.930000
105.620003
104.519997
105.779999
105.480003
107.379997
106.879997
108.389999
107.900002
108.099998
115.089996
116.070000
113.589996
115.250000
115.370003
115.489998
116.870003
116.019997
115.139999
115.400002
115.010002
115.260002
115.410004
116.190002
115.239998
116.260002
116.680000
116.900002
118.879997
114.839996
114.290001
111.570000
113.199997
111.720001
111.580002
112.269997
115.930000
113.760002
111.910004
110.720001
110.570000
112.389999
109.000000
110.550003
112.019997
114.239998
113.519997
114.360001
115.730003
113.410004
114.800003
112.449997
114.220001
115.489998
117.230003
120.070000
121.570000
116.669998
115.300003
114.959999
112.750000
113.070000
112.419998
111.639999
112.379997
111.779999
112.820000
109.800003
109.510002
109.570000
110.389999
111.120003
116.019997
117.260002
123.559998
122.779999
121.720001
125.150002
126.809998
128.229996
128.649994