69.998001
71.903999
70.444000
70.966003
66.608002
67.267998
65.783997
66.258003
65.987999
66.973999
67.239998
66.606003
66.073997
67.178001
67.905998
69.767998
70.540001
71.935997
71.678001
76.300003
75.797997
78.629997
80.807999
81.117996
83.844002
85.050003
86.188004
86.075996
82.940002
83.666000
86.052002
88.601997
90.307999
93.811996
98.428001
96.267998
95.629997
104.972000
107.584000
103.699997
102.697998
102.099998
109.440002
113.912003
114.440002
112.963997
111.603996
113.379997
116.197998
128.162003
130.113998
156.000000
177.412003
146.940002
149.792007
149.613998
154.255997
154.876007
153.457993
160.800003
160.005997
171.679993
183.483994
179.882004
180.199997
166.757996
159.981995
155.759995
135.800003
133.598007
148.723999
149.102005
149.899994
144.908005
140.695999
121.599998
129.065994
126.846001
112.110001
109.323997
89.014000
86.040001
72.244003
85.528000
85.505997
86.858002
101.000000
107.849998
105.632004
102.872002
100.426003
104.800003
96.311996
90.893997
96.001999
103.248001
109.089996
109.767998
114.599998
130.190002
141.977997
145.966003
149.042007
150.778000
149.272003
137.343994
146.421997
141.126007
145.029999
159.750000
153.824005
160.102005
156.376007
140.264008
152.238007
153.641998
156.516006
156.007996
163.884003
162.257996
161.882004
158.192001
160.666000
159.834000
162.725998
161.602005
163.112000
165.520004
163.376007
163.774002
164.046005
161.162003
167.000000
179.619995
176.311996
176.591995
172.876007
177.132004
189.983994
188.134003
205.009995
194.567993
187.056000
198.179993
196.425995
198.358002
200.792007
200.179993
198.863998
200.356003
192.169998
197.195999
191.947998
201.869995
215.962006
223.925995
241.731995
274.316010
277.971985
273.175995
278.855988
308.929993
299.411987
303.359985
309.201996
300.127991
300.167999
328.600006
313.671997
318.466003
302.614014
283.399994
307.920013
295.298004
299.821991
297.497986
286.152008
297.000000
297.399994
297.003998
297.915985
290.541992
283.713989
274.877991
310.951996
324.200012
330.141998
367.127991
377.417999
375.705994
400.365997
409.996002
402.839996
404.667999
430.634003
447.750000
442.679993
498.320007
475.049988
447.369995
407.000000
418.320007
330.209991
366.279999
371.339996
372.720001
419.619995
449.760010
441.760010
423.429993
442.149994
449.390015
424.230011
380.359985
387.790009
407.339996
421.200012
419.070007
429.010010
448.160004
415.089996
425.679993
413.980011
425.299988
425.920013
434.000000
442.299988
446.649994
461.299988
448.880005
439.670013
430.829987
421.940002
422.640015
425.790009
420.630005
420.279999
424.679993
406.019989
410.829987
388.040009
400.510010
423.899994
420.980011
438.089996
429.950012
421.260010
410.359985
417.130005
411.760010
408.500000
408.089996