11.830000
11.610000
11.520000
11.380000
11.170000
11.540000
11.290000
11.570000
11.220000
11.220000
10.940000
11.850000
11.580000
11.370000
11.290000
11.200000
11.350000
12.340000
12.360000
12.390000
12.770000
12.470000
12.600000
12.490000
12.490000
12.320000
12.360000
12.320000
12.770000
12.770000
13.520000
13.180000
13.030000
12.820000
12.860000
13.330000
13.610000
13.720000
13.750000
13.950000
13.820000
13.850000
13.300000
12.990000
13.120000
12.940000
12.690000
12.540000
13.110000
13.090000
12.130000
11.680000
11.730000
12.640000
12.360000
11.910000
11.810000
12.010000
12.030000
11.830000
11.710000
11.210000
11.120000
11.050000
10.880000
10.330000
10.060000
10.060000
9.720000
9.160000
8.960000
8.690000
8.570000
8.020000
7.770000
6.710000
7.200000
6.450000
5.290000
6.090000
5.080000
5.310000
4.910000
4.780000
4.720000
4.330000
4.710000
4.840000
5.050000
4.600000
4.550000
4.720000
4.110000
4.120000
4.080000
4.560000
4.340000
4.610000
5.140000
4.860000
5.040000
4.690000
4.930000
5.120000
5.110000
4.700000
5.010000
5.010000
4.870000
5.000000
5.080000
5.880000
5.920000
5.600000
5.610000
5.470000
5.390000
5.500000
5.550000
5.850000
6.040000
5.550000
5.660000
5.480000
5.580000
5.320000
5.510000
5.570000
5.460000
5.610000
5.810000
5.750000
5.710000
6.060000
6.610000
6.810000
6.680000
7.450000
7.800000
7.320000
7.210000
6.550000
7.000000
6.710000
6.310000
6.190000
6.370000
6.590000
6.790000
6.890000
6.710000
6.950000
6.600000
6.710000
6.570000
6.680000
6.870000
7.530000
7.320000
7.060000
7.230000
7.350000
7.090000
7.020000
7.020000
6.910000
6.950000
7.120000
7.350000
7.140000
7.000000
6.870000
6.790000
7.240000
7.120000
7.030000
6.820000
7.450000
7.540000
7.820000
7.850000
7.920000
8.210000
8.100000
8.380000
8.720000
8.270000
8.210000
8.390000
8.330000
8.220000
8.120000
8.240000
8.670000
9.650000
9.650000
9.770000
9.740000
9.770000
10.100000
9.980000
10.100000
9.630000
9.670000
9.570000
9.710000
10.070000
10.090000
10.270000
10.000000
9.880000
9.330000
9.110000
8.740000
8.430000
8.650000
8.980000
8.870000
9.090000
9.150000
9.070000
9.200000
9.700000
9.730000
9.670000
9.580000
9.340000
9.080000
8.920000
8.810000
8.800000
8.610000
8.920000
8.840000
9.120000
9.320000
9.060000
9.480000
8.850000
8.930000
8.770000
9.080000
9.290000
9.280000
9.500000
9.490000
10.200000
10.030000
10.210000
10.070000
10.030000
10.490000