63.452507
62.804276
62.998741
64.517456
64.239647
63.813667
63.656239
63.619194
63.091339
63.359901
62.859833
63.572903
63.350647
64.369293
64.508202
63.952572
63.859974
65.137909
64.110008
64.823051
64.526718
64.702675
64.258163
64.767502
65.091606
64.841568
64.943436
64.721184
64.341515
64.619324
65.656494
65.128654
65.628716
65.091606
64.110008
64.600807
64.026657
64.637848
64.082222
63.980354
63.730320
63.489555
62.582027
62.220867
61.831924
61.415207
59.952061
59.868717
59.368656
59.998367
57.525826
56.238628
55.534836
58.090714
57.303577
56.923901
56.322723
56.858147
57.553253
57.233883
56.970871
56.247578
56.679672
56.228790
55.543072
52.941105
50.912136
49.794323
46.797832
48.319561
50.611549
48.188053
49.240112
47.070240
44.797039
39.320702
40.776676
39.433418
34.924599
35.807571
32.397781
34.577045
31.110884
32.341415
30.753937
29.542191
33.290146
35.027924
36.465111
34.708549
35.225189
35.666676
35.253365
37.949268
36.831451
38.015018
38.738308
41.189983
40.513660
40.166103
39.856125
38.024414
36.775097
40.598202
38.681953
38.475292
39.574326
40.814247
41.077263
41.274521
42.242046
44.580997
43.651047
40.523052
42.157501
42.110535
41.321495
41.556328
43.378639
42.965336
42.247166
40.150131
40.504429
40.217159
43.415382
42.074806
43.444107
42.668495
42.706791
43.961185
44.277180
43.128120
43.539867
44.315479
45.301758
47.149834
47.015774
50.826832
52.416367
51.248154
48.499985
44.219727
45.167698
45.138973
46.153980
44.650623
44.928310
44.028214
44.449535
44.717655
42.611038
43.252594
41.768391
42.438679
42.821705
41.854572
42.208870
42.505707
41.404526
41.308765
39.604328
40.839573
40.849144
42.199291
42.735523
42.400375
41.672638
40.695934
42.754677
41.758820
41.844997
41.586460
42.199291
41.701363
42.160988
40.092678
40.293766
40.456547
41.624763
41.988632
41.787544
41.596035
42.620613
43.061092
43.051323
41.996765
42.182293
41.635483
41.430431
40.971500
40.346581
40.043880
41.225380
39.916946
39.067440
38.803802
39.731419
38.999088
38.501106
38.266758
38.188644
38.159351
37.280552
37.055973
36.128349
36.030708
35.796360
35.415550
36.919270
36.909504
36.313873
35.571781
34.692982
33.579838
33.511486
33.823948
34.478165
33.472427
33.521252
32.349522
32.203053
32.945152
32.603394
32.710804
34.429340
33.921593
33.814186
33.413845
33.345493
33.638424
33.296669
32.632687
32.906094
32.378815
34.038765
33.355255
32.564335
32.046825
30.826271
32.193291
31.851534
33.189262
32.622925
32.447166
32.388577
32.007767
36.060001
36.860001
36.480000
35.230000
36.080002
38.160000